pumpfun:
  weights:
    aiAnalysis: 0.38582095733509175
    freshness: 0.22487589808631273
    redFlagPenalty: 0.25
    social: 0.09732578614464886
    tokenQuality: 0.14598867921697328
    websiteQuality: 0.14598867921697328
