pumpfun:
  weights:
    aiAnalysis: 0.39258521540784536
    freshness: 0.07549715680920104
    redFlagPenalty: 0.3
    rugSafety: 0.24159090178944329
    social: 0.17708099077970896
    tokenQuality: 0.07549715680920104
    websiteQuality: 0.03774857840460052
