pumpfun:
  weights:
    aiAnalysis: 0.3538114483481733
    freshness: 0.24853405832762565
    redFlagPenalty: 0.25
    social: 0.09941362333105028
    tokenQuality: 0.1491204349965754
    websiteQuality: 0.1491204349965754
