pumpfun:
  weights:
    aiAnalysis: 0.574468085106383
    redFlagPenalty: 0.15
    social: 0.425531914893617
