pumpfun:
  weights:
    aiAnalysis: 0.3642897639813348
    freshness: 0.24450393693025588
    redFlagPenalty: 0.25
    social: 0.09780157477210236
    tokenQuality: 0.14670236215815352
    websiteQuality: 0.14670236215815352
